6, -911, -475
3, -912, -481
10, -919, -472
-4, -914, -479
5, -921, -475
0, -913, -477
1, -911, -481
3, -914, -487
2, -909, -484
3, -919, -473
2, -913, -482
5, -917, -482
6, -915, -474
1, -916, -484
4, -917, -476
1, -919, -481
1, -917, -486
6, -911, -474
7, -915, -478
4, -917, -478
1, -917, -479
-4, -914, -482
5, -916, -484
7, -917, -482
5, -918, -481
-2, -911, -483
6, -913, -474
6, -915, -482
6, -917, -485
6, -914, -485
4, -913, -488
3, -915, -477
6, -913, -481
7, -911, -481
6, -910, -481
-1, -912, -481
2, -912, -482
-1, -913, -481
4, -914, -486
2, -914, -481
5, -914, -481
9, -909, -481
6, -907, -490
6, -916, -483
1, -916, -478
10, -914, -478
3, -919, -479
2, -916, -488
4, -916, -476
-2, -911, -482
9, -910, -489
2, -920, -481
5, -916, -478
1, -915, -472
8, -913, -478
9, -913, -484
3, -912, -476
5, -912, -485
10, -916, -491
10, -918, -479
6, -912, -490
12, -910, -474
0, -914, -481
1, -918, -477
7, -919, -479
1, -907, -487
2, -915, -480
9, -916, -494
7, -912, -480
5, -911, -479
7, -921, -481
10, -916, -485
5, -914, -486
2, -915, -476
5, -911, -479
6, -909, -483
1, -913, -486
3, -913, -478
3, -910, -479
2, -914, -491
0, -912, -488
4, -914, -478
8, -913, -470
3, -914, -486
10, -913, -488
2, -916, -481
6, -918, -476
1, -916, -480
3, -915, -481
6, -917, -482
6, -921, -474
3, -918, -482
8, -915, -490
1, -915, -484
12, -920, -484
0, -913, -474
8, -916, -481
2, -912, -484
7, -912, -483
8, -912, -485

-4, -38, -1033
1, -36, -1032
-1, -34, -1030
1, -31, -1032
0, -31, -1037
1, -27, -1030
4, -31, -1038
1, -26, -1034
0, -32, -1026
-6, -34, -1038
1, -36, -1026
8, -30, -1030
2, -34, -1025
2, -34, -1032
4, -35, -1027
3, -34, -1033
-5, -33, -1035
3, -33, -1025
-1, -38, -1029
7, -35, -1041
0, -33, -1027
1, -35, -1038
5, -33, -1026
-2, -27, -1030
-2, -33, -1040
4, -34, -1035
3, -32, -1029
3, -36, -1034
-5, -34, -1018
-7, -34, -1030
1, -36, -1025
-1, -35, -1034
1, -35, -1039
2, -31, -1026
2, -38, -1038
0, -36, -1018
-2, -31, -1030
-4, -35, -1038
-4, -35, -1020
0, -35, -1037
0, -32, -1032
3, -31, -1033
3, -36, -1032
1, -32, -1018
-3, -31, -1026
6, -35, -1037
4, -35, -1045
4, -28, -1039
1, -34, -1029
-1, -41, -1030
1, -33, -1032
-2, -28, -1032
0, -36, -1044
0, -31, -1036
0, -30, -1028
3, -32, -1035
-2, -27, -1037
-4, -40, -1029
-4, -31, -1035
0, -36, -1036
2, -30, -1030
-1, -35, -1039
-5, -33, -1030
4, -32, -1038
1, -34, -1031
-5, -33, -1029
0, -33, -1023
-4, -36, -1030
5, -35, -1029
4, -33, -1024
2, -33, -1023
2, -28, -1033
-1, -32, -1026
5, -32, -1033
3, -34, -1035
-3, -28, -1041
2, -40, -1038
0, -34, -1033
2, -42, -1027
-3, -30, -1029
6, -32, -1033
1, -36, -1026
1, -37, -1021
1, -36, -1036
1, -25, -1036
-1, -34, -1041
-4, -36, -1032
1, -35, -1021
1, -34, -1029
-4, -27, -1029
-4, -35, -1042
-1, -35, -1039
-3, -32, -1029
1, -34, -1039
3, -32, -1045
4, -35, -1026
-2, -29, -1033
3, -32, -1029
-3, -28, -1029
6, -32, -1035
1, -31, -1028
0, -35, -1031
-1, -29, -1044
1, -34, -1036
0, -32, -1027
1, -31, -1034
2, -32, -1026
-3, -35, -1029
0, -34, -1032
-2, -31, -1032
-3, -38, -1037
5, -33, -1032
5, -38, -1028
-3, -33, -1034
2, -39, -1039
0, -35, -1025
3, -31, -1027
1, -36, -1042
0, -33, -1018
2, -28, -1032
0, -29, -1022
7, -34, -1033
1, -38, -1038
-4, -34, -1033
-1, -38, -1029
5, -31, -1028
1, -30, -1029
-5, -30, -1036
0, -32, -1041
2, -36, -1035
1, -37, -1033
2, -31, -1037
-1, -33, -1030
1, -36, -1029
5, -30, -1030
9, -36, -1030
-1, -31, -1033
1, -30, -1032
-2, -34, -1036
-4, -34, -1032
-1, -31, -1035
1, -42, -1032
3, -30, -1022
-1, -32, -1027
-1, -36, -1036
-1, -32, -1027
1, -37, -1036
5, -33, -1033
-4, -40, -1033
3, -35, -1027
-2, -30, -1032
-1, -32, -1024
5, -30, -1033
4, -32, -1029
3, -27, -1029
-4, -34, -1030
4, -32, -1030
5, -35, -1031
3, -32, -1042
4, -33, -1031
1, -35, -1026
-3, -35, -1031
3, -32, -1034
-4, -32, -1029
2, -29, -1035
2, -34, -1032
-3, -38, -1026
7, -37, -1035
0, -31, -1042
2, -35, -1026
-2, -31, -1036
-1, -36, -1026
0, -32, -1037
7, -31, -1036
-4, -29, -1035
-4, -35, -1032
-11, -33, -1026
-2, -34, -1041
4, -35, -1023
2, -30, -1023
2, -32, -1025
-2, -33, -1042
0, -25, -1033
3, -34, -1027
3, -30, -1041
0, -34, -1039
0, -33, -1030
-3, -33, -1035
-2, -34, -1040
-2, -41, -1030
-6, -30, -1033
1, -28, -1024
-1, -34, -1026
-7, -35, -1030
5, -31, -1040
5, -29, -1033
-1, -39, -1031
-1, -30, -1038
1, -32, -1031
-8, -34, -1030
-3, -33, -1032
-4, -32, -1032
4, -34, -1045
1, -34, -1035
0, -31, -1027
-8, -34, -1032
3, -35, -1033
3, -35, -1030
3, -34, -1030
-6, -39, -1039
2, -30, -1033
0, -33, -1027
0, -35, -1028
-3, -31, -1035
-3, -35, -1025
-1, -35, -1036
-2, -33, -1029
0, -34, -1042
-2, -36, -1028
3, -32, -1025
1, -27, -1032
-4, -29, -1041
9, -34, -1029
2, -35, -1037
3, -30, -1031
-6, -31, -1026
3, -33, -1026
0, -32, -1036
2, -34, -1030
0, -36, -1028
1, -28, -1032
-6, -33, -1032
-3, -32, -1027
-2, -30, -1032
2, -36, -1031
4, -38, -1028
-4, -29, -1024
-6, -33, -1030
-6, -36, -1041
-1, -31, -1032
-4, -30, -1032
0, -29, -1040
-5, -32, -1044
-6, -29, -1023
2, -35, -1032
2, -35, -1038
-1, -36, -1040
0, -33, -1034
1, -35, -1029
1, -34, -1036
-1, -28, -1030
1, -35, -1035
-5, -35, -1030
1, -33, -1029
0, -33, -1032
8, -29, -1016
-2, -38, -1028
-5, -34, -1036
2, -29, -1038
1, -36, -1028
-4, -30, -1037
7, -34, -1029
-2, -36, -1035
-9, -34, -1029
-3, -38, -1026
0, -31, -1024
-1, -33, -1039
1, -31, -1027
1, -34, -1037
-2, -30, -1029
3, -38, -1031
4, -34, -1026
-6, -32, -1023
-1, -27, -1030
2, -34, -1030
1, -30, -1038
-2, -33, -1035
0, -40, -1028
-2, -36, -1036
-6, -32, -1031
-3, -36, -1032
1, -31, -1024
0, -35, -1032
-4, -40, -1032
-3, -32, -1036
1, -30, -1030
5, -36, -1038
0, -35, -1042
-1, -32, -1025
-1, -34, -1033
-8, -29, -1037
-2, -40, -1033
1, -31, -1031
2, -36, -1030
7, -36, -1029
-2, -29, -1030
6, -27, -1025
0, -29, -1039
0, -31, -1038
0, -34, -1033
0, -29, -1042
0, -33, -1033
-2, -33, -1042
-3, -33, -1035
-5, -34, -1037
2, -31, -1027
4, -34, -1029
-11, -35, -1026
1, -31, -1032
0, -30, -1029
6, -31, -1039
0, -33, -1031

853, -286, -479
849, -291, -488
846, -288, -487
846, -286, -482
849, -291, -485
852, -294, -482
843, -285, -483
849, -289, -487
847, -290, -489
848, -289, -477
849, -288, -488
848, -288, -490
848, -290, -480
848, -288, -478
848, -286, -490
853, -288, -486
849, -292, -497
852, -290, -498
851, -284, -480
851, -289, -481
850, -280, -487
844, -294, -484
850, -287, -484
847, -288, -480
848, -287, -496
850, -287, -483
848, -283, -489
852, -287, -489
847, -285, -485
849, -290, -488
855, -290, -497
846, -286, -490
853, -282, -472
847, -284, -494
846, -285, -492
846, -289, -487
849, -290, -487
848, -288, -486
852, -286, -488
847, -286, -487
851, -288, -489
846, -290, -481
848, -282, -491
854, -284, -494
844, -284, -483
847, -285, -492
848, -282, -486
849, -285, -487
850, -287, -479
847, -288, -477
853, -292, -484
844, -288, -478
851, -292, -488
847, -286, -477
849, -284, -487
848, -286, -489
847, -289, -479
846, -289, -479
848, -291, -481
849, -287, -493
845, -286, -494
853, -286, -489
849, -288, -491
851, -285, -481
845, -290, -489
848, -284, -492
849, -288, -485
846, -290, -492
849, -289, -488
849, -285, -493
846, -290, -484
847, -281, -488
853, -287, -487
845, -290, -496
855, -286, -490
845, -285, -480
852, -291, -496
846, -285, -488
843, -288, -494
851, -288, -483
847, -292, -481
847, -291, -484
854, -280, -484
842, -293, -483
849, -287, -486
848, -288, -490
843, -288, -487
847, -288, -483
844, -285, -487
845, -288, -484
846, -283, -481
852, -287, -488
852, -288, -488
847, -288, -483
847, -288, -481
847, -289, -491
849, -287, -483
852, -288, -485
851, -286, -494
853, -289, -484
849, -293, -491
854, -284, -494
850, -281, -482
850, -288, -500
849, -288, -486
852, -287, -488
844, -290, -490
844, -288, -487
851, -285, -488
853, -289, -491
847, -289, -484
848, -288, -489
851, -285, -482
844, -288, -489
842, -285, -488
847, -283, -485
843, -287, -490
847, -289, -488
854, -289, -476
853, -287, -490
850, -288, -481
842, -288, -492
842, -287, -489
846, -286, -493
848, -283, -483
850, -281, -492
844, -286, -486
843, -284, -488
851, -285, -488
845, -286, -489
850, -288, -486
847, -292, -489
849, -291, -489
846, -286, -488
844, -290, -485
849, -289, -484
850, -287, -498
847, -286, -480
847, -291, -491
853, -285, -491
850, -287, -478
849, -286, -486
851, -287, -485
854, -290, -485
844, -286, -480
847, -286, -488
851, -292, -481
844, -292, -483
851, -290, -473
848, -289, -488
848, -289, -487
846, -290, -485
849, -288, -493
847, -281, -481
845, -285, -486
846, -282, -483
854, -288, -484
845, -282, -499
846, -293, -481
850, -293, -488
847, -284, -486
850, -285, -487
852, -282, -484
840, -283, -490
841, -286, -489
851, -287, -489
847, -285, -482
846, -284, -481
846, -284, -484
851, -285, -494
853, -285, -482
847, -289, -477
843, -288, -485
846, -291, -488
848, -284, -485
846, -282, -479
846, -289, -490
847, -288, -489
848, -285, -483
847, -286, -484
848, -284, -485
846, -288, -492
844, -285, -483
846, -287, -492
846, -288, -494
847, -286, -486
852, -284, -488
846, -290, -494
847, -287, -487
850, -284, -487
846, -285, -491
853, -291, -483
846, -288, -482
851, -289, -480
848, -287, -477
849, -286, -482
850, -280, -482
848, -289, -491
850, -288, -487
846, -289, -490
846, -288, -482
850, -284, -489
846, -286, -486
846, -291, -484
847, -285, -496
856, -286, -494
846, -287, -491
851, -289, -490
850, -286, -473
851, -284, -479
847, -293, -487
846, -286, -479
853, -285, -486
843, -286, -488
852, -285, -482
846, -291, -491
849, -283, -487
851, -289, -491
845, -289, -487
847, -286, -488
846, -286, -489
844, -287, -480
847, -287, -489
849, -287, -484
851, -282, -476
847, -291, -495
846, -285, -490
844, -290, -477
847, -289, -482
849, -286, -491
847, -287, -502
847, -287, -479
846, -288, -490
847, -291, -483
853, -286, -488
848, -291, -481
849, -290, -486
848, -290, -492
850, -283, -485
851, -292, -493
847, -286, -493
848, -291, -490
847, -288, -489
845, -294, -489
843, -288, -491
850, -286, -475
843, -289, -492
848, -286, -488
848, -286, -487
850, -290, -482
847, -286, -474
852, -289, -486
846, -291, -478
848, -287, -493
846, -290, -492
851, -287, -489
846, -288, -488
853, -286, -487
848, -288, -494
854, -289, -490
852, -289, -485
848, -284, -487
847, -288, -485
850, -287, -488
842, -283, -479
847, -288, -485
846, -288, -486
846, -287, -481
848, -285, -480
850, -276, -490
849, -286, -484
850, -282, -491
846, -291, -484
847, -288, -484
849, -286, -489
845, -286, -488
847, -284, -490
852, -288, -487
851, -288, -484
846, -291, -484
847, -285, -477
855, -287, -491
848, -290, -495
842, -291, -482
847, -280, -484
858, -288, -496
856, -286, -484
852, -292, -485
844, -290, -491
856, -282, -476
847, -283, -486
845, -293, -488
846, -286, -488
850, -285, -483
846, -287, -488
853, -288, -481
853, -288, -487
848, -287, -475
844, -289, -482
845, -289, -486
852, -291, -496
846, -290, -495
849, -291, -490
849, -294, -486
846, -289, -482
849, -290, -490
847, -288, -484
853, -286, -489
849, -288, -487
849, -291, -487
853, -286, -482
848, -284, -490
847, -292, -488
847, -287, -479
848, -284, -481
842, -290, -490
842, -288, -489
848, -290, -484
852, -283, -489
851, -289, -483
844, -290, -484
848, -283, -486
851, -291, -479
847, -290, -493
840, -294, -492
842, -283, -487
848, -289, -488
845, -288, -485
849, -284, -474
849, -282, -483
852, -280, -483
851, -288, -488
851, -289, -479
849, -293, -478
852, -290, -493
852, -289, -482
847, -284, -493
844, -285, -484
843, -284, -492
854, -286, -491
847, -287, -484
851, -286, -482
847, -289, -482
849, -286, -496
846, -285, -481
857, -288, -485
852, -286, -499
847, -283, -485
847, -287, -492
848, -286, -490
843, -283, -488
847, -292, -494
846, -294, -489
848, -290, -487
849, -286, -482
844, -284, -486
851, -286, -488
845, -290, -494
860, -285, -481
853, -288, -482
845, -290, -482
849, -285, -487
849, -283, -491
846, -284, -484
844, -284, -492
847, -287, -487
847, -287, -487
846, -284, -486
846, -292, -485
850, -289, -482
847, -289, -478
852, -284, -482
854, -291, -485
853, -288, -487
846, -287, -488
845, -289, -498
847, -288, -490
847, -286, -478
844, -291, -484
846, -289, -484
844, -288, -485
847, -290, -495
849, -285, -485
846, -291, -491
846, -288, -485
847, -290, -492
848, -291, -488
848, -288, -487
851, -284, -487
851, -286, -486
851, -283, -485
854, -283, -494
849, -282, -496
851, -288, -484
844, -286, -485
848, -289, -476
846, -284, -493
851, -288, -487
848, -290, -475
847, -286, -480
852, -280, -483
850, -289, -488
849, -290, -488
848, -284, -487
838, -290, -486
844, -288, -487
850, -292, -490
849, -287, -472
848, -289, -493
844, -287, -489
850, -289, -485
851, -284, -488
848, -289, -494
851, -288, -482
844, -282, -490
842, -288, -488
847, -289, -485
844, -284, -495
852, -286, -487
848, -291, -491
847, -292, -494
846, -287, -487
851, -285, -482
844, -286, -491
847, -285, -484
854, -284, -480
848, -288, -487
844, -288, -488
848, -286, -487
848, -288, -479
845, -285, -493
845, -285, -490
846, -282, -486
853, -284, -490
851, -288, -481
851, -291, -484
845, -288, -482
848, -282, -494
846, -287, -479
844, -285, -493
849, -286, -482
850, -289, -492
851, -287, -482
845, -280, -485
852, -288, -482
849, -289, -487
851, -285, -483
846, -284, -483
845, -282, -499
846, -286, -491
848, -283, -494
848, -284, -483
850, -283, -486
849, -285, -481
846, -291, -486
842, -284, -487
845, -288, -497
843, -286, -489
854, -294, -484
849, -290, -481
850, -286, -487
845, -286, -478
845, -288, -486
853, -283, -492
846, -294, -487
851, -290, -491
855, -286, -483
843, -286, -485
847, -282, -482
847, -286, -487
847, -285, -495
852, -289, -482
849, -283, -483
846, -291, -487
853, -289, -482
847, -289, -482
847, -293, -488
848, -287, -486
848, -285, -482
851, -291, -484
849, -287, -481
851, -285, -496
848, -283, -487
845, -288, -487
850, -286, -482
847, -288, -488
845, -287, -492
846, -281, -496
846, -285, -493
851, -282, -483
851, -287, -486
844, -290, -482
848, -283, -481
844, -286, -486
848, -293, -486
847, -289, -489
847, -283, -484
848, -285, -481
838, -287, -494
850, -293, -487
845, -286, -495
849, -289, -492
846, -290, -491
851, -283, -487
847, -288, -484
845, -293, -492
846, -285, -492
850, -287, -483
846, -286, -488
847, -285, -487
851, -284, -485
844, -290, -488
850, -289, -492
848, -287, -480
849, -282, -487
846, -290, -490
849, -288, -493
844, -291, -485
847, -287, -485
847, -287, -489
849, -290, -482
843, -287, -483
849, -291, -483
850, -284, -483
847, -286, -499
846, -288, -483
849, -294, -489
849, -290, -490
847, -284, -487
846, -288, -493
849, -289, -490
847, -286, -485
855, -288, -491
842, -285, -487
845, -286, -490
848, -288, -491
850, -288, -482
851, -283, -485
843, -287, -480
848, -294, -480
841, -288, -496
849, -289, -490
843, -290, -487
847, -289, -488
843, -287, -484
846, -294, -482
848, -291, -487
846, -291, -489
843, -289, -490
850, -287, -492
849, -288, -487
850, -286, -480
846, -288, -487
849, -285, -485
846, -288, -485
846, -289, -485
841, -288, -490
850, -283, -485
843, -282, -485
853, -292, -486
850, -288, -493
847, -294, -494
849, -283, -482
849, -291, -488
846, -289, -482
844, -293, -489
845, -289, -493
844, -281, -485
843, -284, -478
844, -283, -488
851, -288, -484
849, -284, -488
849, -291, -481
849, -289, -476
848, -287, -490
847, -288, -479
847, -294, -488
850, -289, -484
847, -286, -500
846, -289, -480
848, -285, -494
847, -287, -487
846, -282, -490
851, -286, -494
844, -282, -484
851, -283, -487
842, -289, -483
853, -286, -491
851, -288, -481
842, -286, -492
853, -289, -479
844, -287, -486
848, -287, -487
850, -289, -484
844, -289, -485
849, -278, -491
845, -287, -493

546, -736, 408
552, -733, 408
544, -740, 399
547, -732, 403
547, -737, 409
548, -735, 406
545, -733, 409
547, -739, 411
545, -740, 405
549, -736, 416
550, -741, 404
543, -735, 403
548, -732, 415
546, -733, 406
553, -740, 409
545, -734, 409
541, -738, 413
548, -736, 408
551, -737, 408
547, -740, 412
549, -737, 409
554, -733, 413
553, -737, 406
548, -738, 423
543, -738, 402
546, -735, 408
550, -734, 405
546, -738, 415
543, -739, 401
551, -737, 418
552, -737, 408
548, -741, 413
548, -731, 408
551, -734, 410
543, -740, 416
556, -739, 411
551, -735, 414
554, -737, 412
541, -744, 407
550, -742, 407
547, -740, 411
555, -732, 400
546, -736, 417
540, -738, 405
548, -735, 413
542, -740, 408
545, -741, 407
549, -737, 406
551, -738, 407
547, -732, 408
550, -738, 419
550, -736, 396
549, -735, 398
549, -734, 402
547, -735, 409
547, -743, 412
550, -741, 411
550, -735, 414
544, -739, 411
545, -738, 416
546, -738, 416
542, -741, 412
549, -735, 400
549, -739, 401
553, -738, 411
542, -736, 424
543, -734, 403
548, -734, 406
545, -736, 413
547, -738, 409
544, -741, 401
549, -739, 412
548, -742, 406
543, -732, 408
543, -737, 406
548, -738, 405
547, -741, 417
541, -735, 398
552, -736, 411
549, -739, 411
541, -738, 406
540, -735, 398
544, -736, 415
548, -735, 408
547, -741, 416
550, -735, 404
541, -734, 410
549, -738, 404
545, -741, 410
548, -731, 405
539, -735, 413
543, -736, 410
550, -738, 407
551, -738, 408
546, -734, 413
545, -735, 396
548, -741, 407
545, -739, 407
547, -736, 410
540, -738, 410
548, -737, 413
550, -736, 405
545, -746, 416
548, -741, 417
544, -734, 402
549, -738, 414
547, -737, 406
546, -738, 417
546, -739, 408
549, -740, 404
543, -735, 407
543, -743, 411
549, -743, 406
548, -735, 416
545, -741, 402
549, -734, 409
551, -740, 413
548, -740, 408
543, -738, 414
549, -736, 407
546, -740, 410
550, -734, 407
548, -740, 403
544, -736, 408
543, -740, 408
545, -736, 407
544, -736, 403
541, -734, 408
547, -741, 406
549, -737, 409
543, -736, 416
550, -731, 405
551, -735, 406
548, -735, 404
542, -739, 405
548, -738, 407
546, -738, 404
548, -738, 405
541, -736, 409
544, -738, 414
544, -735, 415
543, -737, 418
548, -736, 404
546, -739, 411
544, -735, 411
545, -743, 413
549, -728, 409
549, -735, 411
546, -741, 414
546, -736, 408
551, -741, 409
551, -741, 410
545, -740, 411
548, -736, 405
547, -738, 407
552, -734, 408
548, -733, 406
547, -738, 413
548, -740, 409
547, -737, 407
544, -735, 405
548, -735, 405
546, -738, 403
547, -741, 411
545, -741, 404
545, -736, 404
537, -740, 413
547, -741, 410
545, -739, 414
548, -737, 406
551, -738, 407
545, -739, 407
552, -731, 412
546, -739, 409
551, -737, 403
547, -736, 407
545, -738, 410
543, -737, 403
548, -737, 412
548, -734, 413
543, -737, 410
546, -738, 401
546, -742, 412
550, -734, 407
553, -736, 413
546, -740, 412
544, -737, 409
544, -735, 408
546, -735, 408
547, -740, 406
543, -738, 416
551, -738, 412
543, -741, 408
550, -741, 415
549, -736, 408
540, -736, 419
546, -740, 410
544, -733, 404
552, -740, 410
545, -736, 408
543, -737, 411
549, -739, 410
545, -734, 415
546, -739, 398
548, -739, 408
546, -735, 414
547, -737, 400
544, -738, 407
542, -731, 414
541, -736, 416
544, -738, 406
546, -740, 413
545, -737, 415
545, -736, 408
543, -738, 407
546, -738, 410
543, -739, 410
543, -737, 414
545, -740, 415
546, -739, 408
551, -742, 405
548, -740, 406
545, -738, 409
554, -740, 407
546, -736, 405
548, -736, 403
547, -737, 402
546, -738, 403
546, -736, 402
547, -739, 405
547, -738, 411
545, -737, 403
549, -735, 423
551, -740, 408
550, -735, 406
548, -740, 412
548, -733, 406
551, -737, 413
549, -734, 414
547, -738, 409
551, -739, 418
543, -740, 399
542, -734, 411
548, -736, 422
548, -742, 413
550, -745, 413
544, -733, 415
548, -738, 398
544, -736, 413
549, -737, 415
549, -738, 414
547, -738, 404
545, -743, 417
545, -736, 400
548, -738, 412
541, -740, 404
543, -735, 405
541, -739, 407
548, -740, 403
549, -737, 411
547, -733, 404
546, -741, 397
545, -735, 408
547, -738, 408
548, -732, 410
545, -736, 407
550, -735, 398
547, -739, 410
543, -739, 416
543, -738, 411
547, -739, 412
551, -736, 401
549, -734, 410
547, -740, 407
549, -736, 408
548, -736, 414
547, -735, 413
547, -732, 407
551, -736, 412
541, -738, 402
548, -734, 402
550, -740, 410
541, -725, 401
547, -730, 407
545, -739, 404
552, -743, 407
545, -742, 407
545, -736, 404
545, -737, 415
544, -741, 401
543, -734, 412
543, -739, 409
553, -740, 404
540, -741, 401
552, -736, 409
549, -731, 399
545, -735, 407
545, -738, 406
542, -741, 411
546, -740, 409
540, -735, 412
549, -741, 412
550, -732, 415
547, -743, 404
545, -736, 408
549, -739, 402
554, -731, 412
542, -736, 413
541, -734, 404
549, -732, 419
547, -736, 419
546, -736, 412
545, -736, 406
548, -740, 408
545, -734, 405
540, -735, 405
548, -737, 405
545, -744, 403
548, -738, 419
542, -740, 410
550, -735, 411
546, -738, 406
552, -737, 417
544, -736, 404
544, -737, 420
551, -737, 406
550, -737, 416
546, -741, 411
551, -733, 408
546, -736, 408
543, -736, 398
546, -738, 414
550, -741, 407
548, -740, 406
551, -732, 403
546, -736, 410
544, -742, 410
547, -739, 398
546, -741, 405
546, -735, 408
544, -734, 414
549, -736, 410
550, -736, 411
550, -733, 412
549, -735, 416
546, -736, 411
544, -733, 405
548, -743, 414
549, -741, 406
541, -738, 415
548, -737, 419
543, -734, 408
549, -737, 401
546, -737, 405
546, -735, 410
542, -739, 412
542, -733, 411
542, -738, 404
546, -733, 404
545, -742, 405
541, -738, 402
548, -733, 410
544, -734, 401
548, -736, 415
550, -735, 410
548, -734, 411
540, -739, 411
550, -744, 409
548, -736, 405
549, -739, 399
548, -738, 406
554, -739, 413
549, -733, 413
548, -736, 411
542, -738, 411
545, -738, 404
551, -736, 415
546, -733, 409
544, -735, 402
547, -738, 408
547, -734, 411
545, -735, 411
547, -741, 407
544, -732, 405
547, -734, 410
549, -735, 411
543, -739, 407
547, -742, 409
535, -737, 411

-508, -758, 407
-501, -755, 416
-502, -753, 419
-498, -756, 420
-504, -755, 424
-512, -756, 425
-504, -757, 422
-508, -756, 415
-502, -758, 428
-499, -748, 414
-502, -752, 418
-501, -754, 419
-504, -752, 416
-496, -757, 420
-501, -751, 415
-501, -751, 410
-501, -754, 410
-502, -754, 414
-504, -750, 414
-503, -754, 414
-502, -754, 414
-510, -756, 420
-500, -753, 417
-502, -751, 417
-500, -754, 413
-500, -756, 426
-504, -752, 421
-496, -754, 428
-500, -747, 410
-504, -754, 415
-497, -747, 421
-503, -756, 418
-504, -751, 420
-498, -753, 419
-500, -755, 413
-503, -752, 419
-500, -756, 425
-501, -758, 419
-500, -756, 425
-503, -750, 416
-506, -757, 412
-503, -754, 417
-504, -760, 425
-506, -751, 416
-493, -759, 423
-505, -752, 420
-502, -753, 422
-503, -754, 416
-498, -756, 421
-503, -755, 417
-503, -759, 422
-500, -751, 418
-502, -755, 423
-501, -745, 422
-502, -750, 415
-501, -752, 423
-506, -748, 421
-497, -757, 426
-501, -750, 413
-504, -752, 406
-505, -754, 414
-504, -758, 421
-505, -754, 418
-501, -752, 413
-502, -755, 422
-499, -756, 413
-501, -754, 412
-498, -754, 416
-501, -755, 413
-499, -749, 424
-506, -752, 413
-504, -757, 417
-500, -758, 417
-499, -758, 411
-505, -752, 415
-501, -753, 420
-499, -758, 422
-506, -755, 419
-506, -747, 416
-506, -755, 422
-504, -754, 425
-501, -752, 425
-501, -755, 424
-503, -752, 417
-508, -752, 422
-504, -754, 418
-507, -756, 417
-509, -752, 420
-507, -751, 413
-504, -750, 413
-508, -751, 416
-504, -751, 415
-505, -752, 413
-500, -750, 419
-502, -751, 417
-504, -755, 416
-506, -751, 422
-504, -756, 421
-502, -756, 414
-503, -757, 420
-502, -753, 425
-499, -759, 414
-503, -760, 415
-502, -750, 420
-503, -749, 420
-500, -750, 423
-506, -755, 420
-499, -749, 420
-506, -751, 414
-506, -755, 417
-498, -754, 420
-505, -753, 419
-499, -753, 415
-505, -752, 407
-502, -758, 416
-501, -752, 428
-502, -752, 412
-505, -754, 413
-507, -751, 415
-502, -750, 405
-503, -758, 419
-504, -750, 417
-500, -754, 416
-502, -750, 417
-501, -755, 418
-504, -754, 414
-509, -752, 414
-503, -752, 416
-504, -753, 416
-504, -754, 421
-498, -752, 420
-502, -751, 418
-503, -747, 416
-503, -753, 410
-507, -758, 418
-504, -747, 420
-503, -752, 420
-504, -755, 421
-505, -754, 413
-507, -754, 413
-508, -753, 414
-500, -752, 420
-504, -754, 420
-507, -750, 412
-502, -749, 414
-503, -756, 415
-501, -754, 416
-502, -750, 420
-504, -750, 421
-506, -754, 414
-504, -754, 416
-501, -750, 414
-502, -754, 415
-507, -754, 413
-503, -747, 401
-503, -756, 412
-502, -753, 424
-506, -752, 421
-505, -754, 416
-504, -751, 419
-501, -750, 428
-500, -754, 420
-505, -756, 418
-501, -751, 426
-499, -752, 426
-505, -755, 426
-505, -752, 425
-500, -750, 414
-501, -753, 419
-504, -753, 422
-503, -749, 405
-501, -754, 426
-508, -760, 422
-497, -754, 420
-502, -752, 425
-504, -747, 425
-499, -751, 422
-501, -749, 421
-503, -753, 413
-504, -753, 417
-500, -752, 422
-504, -754, 416
-503, -754, 421
-508, -751, 419
-508, -757, 425
-503, -753, 418
-497, -751, 418
-505, -753, 421
-501, -751, 424
-499, -750, 422
-504, -751, 421
-504, -756, 420
-501, -752, 417
-504, -754, 421
-504, -752, 417
-503, -755, 415
-506, -753, 420
-504, -749, 416
-499, -759, 415
-498, -756, 413
-502, -755, 417
-508, -751, 421
-502, -756, 419
-505, -754, 416
-502, -752, 416
-507, -751, 416
-506, -754, 410
-505, -754, 419
-505, -753, 417
-500, -750, 417
-501, -760, 417
-504, -756, 419
-505, -755, 412
-505, -756, 422
-499, -754, 416
-505, -748, 426
-508, -752, 416
-506, -751, 419
-504, -754, 424
-509, -750, 411
-506, -749, 423
-503, -752, 414
-502, -749, 417
-499, -754, 421
-501, -752, 419
-505, -748, 418
-506, -753, 420
-509, -758, 423
-502, -748, 414
-505, -750, 414
-501, -754, 412
-502, -747, 412
-502, -751, 420
-508, -749, 415
-501, -754, 423
-498, -756, 410
-505, -753, 416
-499, -755, 418
-500, -753, 420
-505, -755, 417
-501, -751, 423
-506, -750, 419
-501, -752, 422
-500, -748, 417
-506, -754, 426
-503, -753, 412
-500, -756, 422
-501, -754, 419
-505, -752, 417
-510, -755, 424
-504, -754, 415
-504, -753, 413
-501, -756, 416
-498, -756, 411
-502, -758, 415
-501, -754, 418
-502, -751, 425
-497, -757, 423
-501, -751, 425
-501, -755, 408
-507, -756, 418
-505, -755, 432
-502, -757, 419
-503, -754, 421
-503, -754, 419
-497, -754, 417
-506, -759, 426
-505, -751, 425
-505, -749, 411
-503, -752, 415
-500, -754, 417
-508, -747, 413
-505, -750, 413
-506, -756, 417
-500, -754, 409
-501, -752, 414
-499, -752, 417
-502, -758, 410
-500, -752, 416
-497, -753, 423
-506, -753, 417
-496, -746, 423
-501, -750, 412
-504, -748, 418
-505, -757, 428
-507, -749, 422
-504, -755, 413
-500, -753, 419
-500, -753, 423
-497, -754, 414
-501, -753, 416
-499, -752, 428
-502, -755, 413
-509, -752, 422
-504, -762, 424
-505, -755, 421
-500, -756, 419
-502, -753, 426
-506, -751, 420
-499, -757, 415
-501, -758, 418
-506, -758, 425
-500, -750, 422
-495, -755, 416
-495, -758, 417
-504, -755, 419
-502, -751, 423
-503, -755, 413
-505, -752, 426
-502, -752, 419
-500, -752, 418
-501, -759, 420
-512, -752, 413
-501, -753, 421
-502, -750, 417
-504, -753, 419
-503, -755, 417
-503, -757, 411
-503, -751, 408
-503, -759, 417
-504, -755, 416
-499, -756, 425
-507, -757, 420
-504, -753, 422
-504, -758, 417
-508, -754, 417
-506, -761, 422
-498, -750, 414
-504, -754, 409
-506, -752, 410
-498, -755, 409
-504, -746, 425
-514, -754, 409
-500, -756, 420
-503, -749, 420
-501, -752, 420
-502, -751, 427
-498, -755, 423
-502, -755, 421
-497, -758, 422
-505, -751, 417
-501, -755, 423
-509, -752, 420
-504, -754, 413
-504, -751, 421
-504, -747, 413
-505, -755, 417
-504, -750, 413
-501, -754, 413
-499, -746, 417
-503, -756, 413
-500, -750, 423
-501, -754, 428
-503, -757, 414
-503, -753, 414
-503, -752, 420
-499, -745, 417
-501, -758, 425
-504, -750, 425
-503, -752, 419
-505, -754, 428
-502, -755, 423
-504, -755, 409
-503, -760, 426
-500, -750, 416
-506, -756, 414
-501, -749, 425
-500, -750, 425
-499, -750, 413

-844, -305, -464
-842, -301, -473
-838, -301, -466
-840, -306, -462
-844, -307, -466
-838, -301, -463
-845, -310, -469
-842, -301, -469
-841, -300, -467
-845, -306, -469
-841, -306, -470
-841, -305, -464
-838, -308, -470
-846, -304, -467
-842, -306, -461
-845, -300, -464
-843, -305, -469
-840, -304, -464
-839, -302, -464
-842, -304, -467
-843, -302, -466
-839, -302, -470
-844, -306, -469
-845, -307, -459
-837, -307, -469
-845, -301, -468
-843, -308, -466
-846, -302, -462
-842, -304, -472
-844, -302, -466
-842, -306, -471
-841, -305, -469
-841, -306, -462
-848, -302, -471
-838, -308, -473
-843, -306, -465
-846, -302, -464
-841, -304, -461
-841, -304, -468
-839, -305, -459
-840, -299, -463
-843, -302, -469
-846, -301, -471
-841, -308, -464
-846, -305, -468
-843, -301, -464
-843, -306, -464
-839, -300, -460
-844, -302, -467
-841, -303, -458
-841, -307, -470
-847, -302, -467
-843, -304, -466
-843, -303, -470
-839, -302, -469
-839, -304, -468
-843, -305, -466
-846, -302, -473
-843, -306, -465
-841, -302, -464
-837, -308, -465
-843, -304, -457
-842, -305, -465
-838, -306, -461
-841, -299, -471
-846, -313, -467
-836, -306, -459
-851, -304, -461
-841, -305, -464
-842, -301, -471
-848, -307, -468
-838, -300, -466
-843, -302, -471
-844, -304, -465
-842, -305, -473
-842, -306, -454
-835, -302, -467
-842, -298, -471
-839, -307, -464
-842, -300, -463
-844, -300, -469
-844, -309, -467
-844, -309, -470
-845, -306, -471
-842, -305, -457
-843, -305, -472
-837, -309, -478
-841, -302, -463
-841, -306, -466
-841, -306, -465
-839, -307, -469
-840, -304, -461
-846, -304, -468
-846, -305, -470
-842, -305, -463
-845, -300, -469
-841, -305, -462
-846, -306, -475
-842, -305, -473
-845, -303, -466
-841, -311, -465
-841, -305, -467
-842, -302, -462
-836, -299, -468
-843, -301, -464
-843, -304, -464
-848, -302, -467
-840, -305, -468
-841, -301, -463
-846, -304, -458
-841, -305, -468
-841, -302, -471
-846, -303, -466
-845, -309, -462
-843, -302, -481
-843, -304, -463
-845, -302, -461
-839, -302, -465
-836, -303, -466
-840, -301, -458
-843, -302, -469
-843, -302, -462
-843, -303, -463
-841, -301, -450
-847, -302, -467
-838, -306, -465
-839, -307, -467
-846, -304, -466
-847, -303, -470
-841, -303, -460
-836, -311, -459
-848, -302, -464
-841, -306, -462
-845, -302, -464
-845, -303, -463
-840, -302, -472
-846, -303, -467
-844, -302, -472
-843, -305, -477
-842, -305, -462
-846, -304, -466
-844, -300, -460
-846, -303, -468
-841, -304, -465
-836, -302, -462
-838, -303, -456
-841, -304, -471
-843, -306, -457
-841, -309, -456
-839, -307, -467
-841, -301, -464
-842, -300, -464
-840, -308, -457
-843, -305, -468
-841, -302, -463
-840, -308, -468
-846, -302, -466
-842, -309, -465
-850, -300, -475
-842, -300, -465
-848, -303, -464
-845, -299, -464
-845, -300, -467
-843, -309, -460
-848, -303, -463
-840, -299, -469
-848, -305, -475
-835, -300, -468
-839, -303, -465
-841, -305, -469
-843, -306, -463
-840, -300, -472
-839, -298, -467
-845, -302, -470
-835, -304, -460
-850, -307, -464
-844, -302, -467
-843, -310, -460
-842, -303, -469
-846, -306, -473
-845, -302, -454
-845, -302, -462
-845, -308, -464
-841, -306, -465
-842, -304, -463
-843, -310, -475
-849, -307, -473
-847, -307, -457
-845, -302, -464
-842, -301, -456
-841, -307, -472
-839, -306, -461
-839, -304, -469
-845, -300, -459
-837, -308, -460
-844, -302, -472
-841, -310, -474
-837, -300, -462
-840, -309, -453
-839, -305, -462
-843, -305, -474
-842, -301, -463
-842, -304, -469
-841, -305, -466
-846, -307, -464
-846, -305, -464
-841, -300, -458
-839, -304, -473
-847, -304, -467
-839, -304, -467
-840, -302, -471
-842, -307, -462
-842, -305, -469
-841, -306, -461
-846, -304, -457
-838, -309, -471
-845, -305, -465
-846, -304, -472
-840, -304, -464
-845, -303, -465
-841, -302, -471
-845, -309, -469
-842, -302, -469
-841, -300, -471
-844, -306, -460
-846, -305, -466
-844, -306, -472
-839, -308, -466
-846, -308, -476
-840, -308, -463
-840, -305, -474
-841, -307, -465
-842, -306, -467
-838, -305, -463
-841, -299, -467
-843, -303, -464
-842, -307, -468
-842, -298, -466
-843, -307, -464
-842, -309, -464
-844, -307, -463
-843, -304, -474
-842, -301, -458
-837, -304, -466
-839, -302, -461
-845, -302, -464
-847, -304, -465
-843, -302, -472
-845, -299, -464
-848, -304, -461
-844, -303, -460
-845, -306, -470
-844, -310, -470
-847, -303, -470
-841, -306, -465
-845, -302, -469
-845, -304, -464
-850, -309, -466
-842, -303, -463
-842, -304, -465
-840, -304, -463
-848, -311, -470
-840, -306, -462
-840, -307, -464
-844, -303, -463
-844, -300, -465
-846, -307, -454
-838, -302, -466
-839, -304, -463
-847, -305, -459
-840, -302, -474
-837, -308, -469
-843, -304, -473
-842, -306, -460
-844, -306, -470
-842, -299, -464
-845, -305, -471
-844, -303, -461
-841, -305, -466
-835, -302, -470
-845, -305, -466
-842, -302, -460
-839, -304, -467
-843, -306, -472
-840, -305, -466
-844, -305, -476
-846, -301, -467
-846, -301, -471
-845, -298, -468
-842, -305, -464
-841, -303, -465
-843, -303, -467
-839, -303, -459
-841, -300, -471
-841, -304, -467
-841, -304, -464
-841, -302, -473
-841, -304, -469
-839, -304, -473
-843, -309, -461
-843, -306, -470
-841, -301, -463
-842, -307, -464
-837, -306, -464
-844, -304, -466
-842, -301, -470
-841, -306, -464
-843, -305, -460
-842, -303, -467
-843, -304, -469
-834, -306, -467
-847, -310, -457
-843, -306, -461
-845, -300, -463
-843, -297, -476
-837, -306, -466
-843, -303, -470
-843, -304, -469
-850, -305, -471
-845, -306, -458
-841, -302, -464
-844, -308, -465
-845, -297, -463
-844, -304, -463
-838, -307, -464
-851, -311, -466
-841, -308, -462
-844, -299, -467
-837, -299, -471
-843, -302, -470
-846, -302, -469
-841, -303, -461
-847, -301, -462
-838, -304, -464
-841, -299, -459
-850, -304, -464
-845, -305, -464
-847, -310, -471
-837, -313, -469
-841, -307, -463
-836, -300, -461
-843, -304, -463
-844, -305, -454
-848, -305, -475
-842, -302, -469
-842, -306, -470
-846, -303, -471
-837, -308, -470
-840, -306, -464
-839, -307, -462
-844, -299, -469
-840, -310, -463
-839, -305, -461
-843, -303, -469
-838, -304, -467
-846, -305, -472
-839, -307, -458
-845, -303, -454
-838, -308, -463
-845, -306, -470
-841, -304, -461
-846, -306, -465
-839, -306, -463
-839, -306, -464
-841, -297, -460
-845, -306, -466
-836, -305, -465
-845, -309, -460
-841, -304, -465
-842, -303, -463
-839, -302, -469
-843, -302, -465
-846, -305, -465
-837, -310, -456
-837, -307, -466
-846, -305, -469
-840, -305, -460
-842, -305, -460
-846, -306, -467
-842, -301, -461
-846, -304, -461
-841, -305, -465
-841, -305, -463
-845, -310, -466
-844, -305, -460
-846, -305, -470
-842, -305, -477
-842, -305, -469
-842, -304, -459
-838, -305, -460
-840, -302, -461
-846, -307, -461
-846, -304, -458
-836, -299, -467
-843, -304, -468
-843, -303, -469
-840, -304, -467
-840, -308, -472
-843, -303, -467
-839, -303, -461
-841, -307, -464
-843, -307, -463
-841, -302, -464
-847, -299, -466
-845, -308, -465
-841, -305, -466
-846, -301, -462
-841, -302, -463
-838, -306, -468
-848, -304, -462
-848, -303, -463
-835, -305, -469
-846, -307, -472
-842, -303, -463
-841, -305, -470
-843, -303, -473
-846, -300, -470
-844, -306, -467
-841, -301, -454
-847, -304, -460
-840, -305, -461
-841, -302, -464
-850, -306, -465
-837, -303, -470
-843, -304, -458
-843, -303, -466
